t	x	y	vx	vy	ax	ay
0.000	0.0	0.0	0.0	0.0	0.0	0.0
0.033	-0.08696	0.112	-2.445	3.172	0.0	0.0
0.067	-0.163	0.212	-2.595	2.914	-1.737	-11.02
0.100	-0.260	0.307	-2.704	2.497	-1.881	-11.61
0.133	-0.343	0.378	-2.602	2.061	2.453	-11.05
0.167	-0.433	0.444	-2.613	1.811	0.625	-9.278
0.200	-0.517	0.499	-2.519	1.436	1.293	-10.88
0.233	-0.601	0.540	-2.537	1.072	-0.825	-11.30
0.267	-0.687	0.570	-2.576	0.699	-0.210	-11.12
0.300	-0.773	0.586	-2.560	0.315	0.280	-10.88
0.333	-0.857	0.591	-2.541	-0.01855	1.431	-9.698
0.367	-0.943	0.585	-2.486	-0.334	1.272	-10.18
0.400	-1.023	0.569	-2.430	-0.686	-1.431	-10.33
0.433	-1.105	0.539	-2.578	-1.039	-2.385	-11.45
0.467	-1.195	0.500	-2.634	-1.428	0.318	-9.698
0.500	-1.280	0.444	-2.523	-1.725	2.544	-11.61
0.533	-1.363	0.385	-2.467	-2.133	-1.431	-10.65
0.567	-1.445	0.302	-2.597	-2.523	0.954	-8.267
0.600	-1.536	0.217	-2.486	-2.634	-2.544	-12.40
0.633	-1.610	0.126	-2.615	-3.283	0	0
0.667	-1.710	-0.002302	0	0	0	0